900000005004129600000605000040060020000708000780000063007000300020304080008050100
006401500300509001000030000205000703030040020670000058060907080000050000002304900
000408000041000820000050000050000030020137040800000009900060005005903600002000400
380700090000050001001804000670000000002000300000000084000509700500080000090001042
000200060180076090006080700090000002018000650500000070001020400070310026060009000
500080000040520003100304000005100094006040500430008100000703005300065080000010009
003021600054009008020000000001003080070040030030600400000000050500100360002530700
006020100040900080100007004005070020200503007060090800400600002070002040009040300
009050400040207080006000200900000006080000010002030700030405020600108004000000000
050001800002060004400500060900000100040000070005000009080003002100050300007400090
063004700000000000800006023010400602000080000702001050340100005000000000005200840
000040000200080005050603020600204009070801040008000100400000007006000200029000460
005807300000604000000030000340000026008010500090000080000000000060502090200060004
300080009079000810002000400038000590000869000000503000090407080000050000210000035
300106900000029010000000006200000050578000623060000008600000000050740000002508001
020509010500040009000807000002000800004010300860000021030105080600000007000080000
200090006008000200096000780040802070300516002000000000000000000020987030000403000
100020009003009080400600000640005002007000100900700048000008007010300900500010004
300006008000070610000045700000000260600708001041000000002580000016090000800600007
700092003050300000006750000120000300007030200005000084000071500000003040800520001
090680000300700004050023600000000069007030400920000000001850040500006001000041050
000400610000070000030005400050800001860040072700006050006200030000090000028003000
900070030003005600010400052005000060201000305090000700130004070009500100080010003
030800025000001708800020030600000300070030080004000006080040009109200000740008060
050080070800206003002000800006050700903000205000000000000509000010000030400801006
004900000300008070020040009560000080008030100030000042400060050010800004000005800
060008400001009006200060050150000000009010700000000089010020004300500200002300090
008030700000020000900708005030000050560010074002000100007000800200607003090201060
700500000000030002098014000082000001040000080900000370000840910100090000000006003
905000302010205070000030000800000005030000020004000600000070000020146030680020041
420000003000200580000030792000001020600080007050400000718040000043005000500000048
900800000040020050006007001030005100054090280002400090500600800060050070000008006
500000006030200080008005400004503090000060000010409300002300800040006010700000005
050300407407001050000000000070060200000908000008070010000000000040100306302009040
900000003004000500058000620002904100400030008010207060090020010000705000600090002
900000006000308000030000020090060050710000082003020100500030004002956700000000000
051002600000504010002000008000003100083050260009600000900000800040706000005900420
003000200020000090500020003300819005050000040100402008000607000070040060001000900
050800100002000060000032408000006207020703010107900000401350000030000500005004090
090050040000706000300020008080040070010509060005000900000090000079060420650000089
700108005000030000010405080078050310006010900000000000004209800600000003090000020
000906000010000070004000800090000040400000007160458093030604020500090004000275000
004010300700300050000900008009400003010030020400002600900008000050003004003060900
080010030063800500700000008000360200310000085002089000600000007004008350030090020
108095000020800000306400000802000070410000032030000108000004703000007060000160905
001608900080040020009102800000020000800000009070389060300000005000403000052000430
207000005006008701080070030031060000000302000000010360060020090903400200400000503
002007050600040200105200000000450030500000008060028000000004709006090001090100800
005000200700000009300201005060000080000483000002000900009030700006597100000102000
000804070040001000100020804000000207091000380203000000504070003000400060010609000
065800000000960004000001006004000038010070040280000100100600000500042000000007420
050049000003005007000200030390000700700010008001000052080002000500400200000650080
007800060800030200030000000100002070028745190070300002000000030005020004010003700
020080070000309000500010009007000400350000068000804000100070004640108027005000900
020300010403705000800040000600500300070000040001004006000050001000806709030007020
300009006006700300090600010100408970000000000078905001040007090009002800800500003
004000600059000870000802000000508000507060109040010080300000008018030450090000010
000360087000004052000005300006000045800000001530000700002900000460800000970043000
078100000400030000003500007090000100700801005006000020600002900000050006000009350
009800600000240000300070008000000043013060280820000000600090005000027000005004800
100800090050200006003009000090040070007000500060030020000600200200001080030004007
000800500000004020000930001090580460030000050054013070200068000080400000003002000
000000000030601050000827000008000900900030007050000040095080170407010802000204000
205908007080006000090350000009001080007030200040600700000083050000100070900507304
060000000002040500005306008006008203070000050204700600600204300001090400000000060
000100000008090300170800000020000067061050930930000040000002056003040700000001000
000200100290010060000056004009000720500000008018000400300640000050030047001005000
038000000400000090600020508200016000001203400000540002105060007060000003000000610
600000005010000060005020800000805000800030001040291080064509120020307040900000008
005600003000001460000080901080002500000040000001700030406020000038500000900003700
000070230400900070000008905001300090600000004040005100502600000080004009064080000
600000004040000090807050103000178000010000080000206000300020009000060000704803206
000007200080010070706003400807000000010060080000000109002800305030040060004500000
027060300000001086000030900000008207040000030502100000009010000460700000003080420
090010060000307000030050010000030000900605002003401500005000600084000120010040050
000403000007050200090000040004000300900307006050080070000508000500106002021000860
052063700000750000000800300700000960080000050065000003001008000000019000003240610
070010002000006050100300400004005080900080007080700600008001004010200000600090020
080704010000000000001060300400050009000000000070080020500809006007000500008030400
009004050300070600020500300400100000060050080000008001007005040006020005010300200
009000060200700004004006009000030042003408500470010000300500400500002008010000600
000000604000005008000100570301508400005971300002304801097003000500400000403000000
074000280900020005000040000000705000300000001080030090060000050002000600103608402
003004600090000000000790310200008090500010006080900002038027000000000040002600700
060070800007001003000020009015009700300000002006500310600050000500400200009010080
000607000003080600010309080004000300200000006008050100609108407080000010000705000
304020500100003090000100003270000300040090060006000042400007000010900004002010805
100230000070008000800001900005302041010000030430107600001700008000800060000056003
104000002900017000080000100020600904040020050507001020009000010000380007400000203
403060080090008000058307000004670000060000040000015900000701450000200030040030708
070049020002500070400200003700000000083060910000000006800005004050004800010830050
400900002060020050008000300000601007070040010900205000006000500020030080800004009
003401600200000004000905000502000703090040050100502006000030000001207300300106007
400010600000500080510090000000300200930080067004007000000030018080002000006070004
060951030009040600000000000070060050400000009001000800010070080500000002030405070
200040008001700000090002670032007000500000006000100280026500090000003500100070004
000100803000002070809300010003020080400000005070030400090005306060700000105003000
400003500100470000068000040000006097600090004590800000040000910000049002003200005
002006900008700000450010000205000004030060010600000508000090057000002400007300100
000100040080600001006072000600000900030821070004000003000940800700008020050007000
500400070040009000001502300000600200708000405006005000002904800000300050090006004
300000000008021004040600050570060003403000608800010075030002040900470500000000002
060000040000030000502904108000000000009050800700806005020103070004020500300000001
000020000010807050020401030600000003300916002005000700700090005001000400050040020
010000000700000960080907004070004500300205008004300070100806030028000006000000050
750004030000600000001020700009000020067030910010000500003040200000008000090700064
000001070370200000002907063040003005800000006900400010530704800000009031090300000
800504300500030090003800040000001860000040000087600000070003600010060007005107002
009000400010000060008509300003000900092080610100000003001806200030192040200030006
070003010003500200200700005000004720000080000016300000900005003008009600040200090
001090600080000010600400002000783400300604009002951000100009004070000060005060100
006080010001600009730000000074800090200090007060004250000000082600005900040070600
500890007000000460000007901050003006700609002600200070105900000073000000800072005
700400050000060800000008029007000005930741068200000300180600000002010000090004002
070004010001000000900800027400001080030060040020400009240003001000000500010200070
046070090090500600700000000008100002000060000100002700000000005001004080070080360
000100032000700480000008016009800060020070040070006800590300000012009000860007000
070409500000700009030060000200000095005000800910000007000040060100008000007603010
000100007000040008080005600940000802000604000602000053003400010200030000500001000
200000006080600030009010500000104060005000400020807000002060300090008010300000005
640308079001070800080000020000405000002010500050060080003000200000106000500090004
024100000700020600000007002050084001070010050300590080900300000005070008000009160
000035800027004005500200600900000700060000040005000006008001003200300490004950000
080000200700009080200040009060300400100407002007006090800010006040900008005000030
700010008030009040004070200060000000502000901000000070005090700010500080300020005
500020008020000030061030240000809000004070800600000001100000004000000000850602019
005090001390007000010000900003140060800000005040086300004000080000600027200070500
007200806008003070500000020070008600000070000004600010010000004030800900906004700
050090000018400000370008000007002530530000082082500900000900045000003860000080020
002090600600000007080010050004209300000000000030845020000000000360000012500703004
001080700820000043005000900000205000003406200010000050900050006030000070600107002
708900030060001000100240000006000003510000028800000400000079004000100050090005702
000070000974280000100400020500000080001000300030000006060001007000027143000050000
600840020005090030000007006300400000061000750000006009800500000040020600070068005
004702500100004080075000000800420000003608400000037008000000340030200001006803700
000860000809007560040090000700000305001905400508000006000050070075100908000048000
600305000080200051000000800007010060400703008050040700002000000940007020000109004
000090000069001000210003904300007460000000000042800001907100042000900830000050000
001605300800040007000000000003000900200000006790204083010000050600508001002090600
100600025902005000000000400600509000001030500000701009003000000000800603580006007
000271000800000009010090070600080004009000800000307000030000020405030706001000500
007804500500000008000010000000020000300901002080605090079000360060000010105090807
000007035007009000800010700300000280008301600056000007003080006000400500960700000
000086000065000794000400800090008300037020680008300070001002000729000560000590000
030080007008503000000210500860000000470000091000000036009028000000301600300050070
308100000240009000700230500004002000020010090000500700007026003000400062000001807
040001000900806000002070400007000020600050001030000500008020700000109005000300040
300050008070006040005708100043000200600000001002000780009507800030900010500010007
900010003040000020008040500000000000002765100150030068006070300000401000020603090
000600107000008040030040600500200060002050800090004003006070050080400000904002000
021073000500000204000000030008009001050702080100800400080000000307000005000650340
060042300000307002300500000930000280700000003081000054000004009800709000009610030
004030900090008020800600004020507800700000002008206040200005001050300080003070200
059000003000020500300000940100802000007050200000307009094000007001070000500000860
006040870300001500540600002030000700100030005005000040400002059003900007092050400
004587900000000000520194078290000084300040005000020000700000003000208000001030500
003060400068000910900000005800406009000020000002809500040000090005107200009040600
980100000003060020000080009000001400500372006007800000700020000050030900000008047
000040000060000010800601003600509007050703040007000600210306074000000000009204800
700030200040806090001000400000002005080000040500300000004000100020609030003080009
000040030002708000060000200200001004095000160600800002001000040000103800070090000
508000104030500070200000005000192050000403000020786000100000002070005090802000506
006007005005060100040050020600500090000070000010003004090020080008010200100800700
000006240900200001005004007010080400050000030009020010300700800500008004062900000
302700100000000002850029000500000070009403500060000004000640087600000000008001206
030429080000080000000605000700301008190050074002040900070000090045000120200000007
470000059093000240005000600060050010000030000500802007002080700600000004700601005
800100002000230006020000400080000200900060003007000050009000070100045000600003001
008160000001000004760005000004609050900000006050301900000500082300000500000072100
090607010005000400000205000006050800070000030800301007300402009002000100060000080
001000400200904003090000020080102040050000030007000600040608070003090100000305000
000072000003500090050800104020000530900000007014000020301009050090005200000340000
800700040504001000000030200002000005400802001700000600005060000000100302010009004
300020006010347090002000800000010000007809600000030000020000040005482300004000700
950080000048701050000400000000000002130090084600000000000005000080906430000020098
003400200010003070200000006080010009000207000600040010500000008090100060008005900
900700003000050000024006070801000900003109200002000601010600340000040000700002005
800000006005030400070000030000153000004702600080609070020010040100060008098000160
601008000950200000040056000060007100300000009005600030000870040000004051000100802
000600009108003000260050000004300100070060090002004500000090081000200305800007000
900600000650480002034001000760030005000000000300010084000300120400062053000005006
080003070600500009001000500400708060000020000030904001007000400300006008020800030
001090007000003140000070029002300060600020008050006300540030000086900000200060400
700005003002300800010000020300070090000926000020050007060000040008001300900500001
000300400408000020060050008290500000000060000000007013100030060050000201004009000
040500090200060001001080700000000006026000380900000000002030100800010007010009040
380000067009246300005070100000301000030050070006000500000090000600000002050702080
010008004000005000072090008030000200008070300001000060300020190000300000500900020
020016040500800906060003000602000070400000001070000409000300090305007002090260050
010008070007630009300007040030070500000803000004010030070400006200051700080700020
500000800020400700000060025009003010800147006060800200690070000005006080003000002
500007000230600000074038000740000003001000900800000017000360750000001048000700009
040305020500000008060070040400000007020507060007030100900000004000891000006403800
500030009006807300030501060020070030000902000700050001000409000080000070004060800
080401070000382000000050000005000400470020035000010000030070020002000900900030006
090730040300090002000001000006070009280509014900010200000100000800040006040023050
009004600086300010200000035100040090000902000090070003620000007070008520008700100
500300001007004500020000060030801009000040000100609030010000040008100700900006002
100800005030160080000035000007000069056000120820000700000350000080016090500009001
400090007050000080003200400000040300100873009009050000005004700070000020800010003
000900000030070001409005720002090040006000900080020600023700809700010030000009000
400000009600509001005000200000307000070080030008090100210000048000168000009402700
800000002010907080000000000050040030000109000026000140003050400005000600100306007
240009000030100000500030900070300200800704001004001090005060009000003080000400076
004720800000009200210004006045000008100050009800000530400200085001400000003096400
006004200090020030700100009500010300040605090007040005900001008050090010003400900
007003005340090000052000000800009070006070200020800003000000820000060094200400300
620080010004670000900300000005000094800000001390000200000005003000036400030010079
700480006080006000004200080400070020500000003020090001090008500000700060100025007
320070600005680000000003007090000200780000046006000070400900000000057100007010024
700640002000008700034002600092000006800000007400000820007200150008100000200074008
007000400600401002020030010060209030002108900500040001000000000703000605000783000
001000600860070035000402000000705000070386010000090000010000060003000100059040720
060934010400801002100060009026000890000000000900020006701506203000000000043090560
100000007002030800070408020000316000030000010000705000907000405040000080006040200
705000106008100520000000000080764000300000001000231080000000000042006800809000705
000100603070030000305000040003600070600203008080005300060000709000040080901008000
020090040700806003300000008070030050009708100000204000050603090000080000100000007
006500030040009000300006109400800300060000080007005001204600007000100050030007200
200008000609200008085093040800000060006000900020000003010820630400006807000700001
000001970000460032000000801200003010004070600010200005302000000790024000041900000
000605009000010700800003050730000100105000904008000067040500008009030000500204000
001080030000004700040637000005009008080050040400300500000826010003900000020070600
000000000070080020400753009680000032004000500000609000030010070800204003500000001
000050000024003001009100070056400000400090007000007140080005300100600950000020000
003080250000004070070500000004600009002050400600003700000005040080100000017090500
000090600004705030060000004000200960100000008093007000300000010010904500008070000
004260000000078300070009002081000005360000041700000830600500090008910000000027500
900007200300601090020000000710902000050000010000305079000000040090804001006100005
070020030000601000100000008004060700030000050002403600000000000005219300307000401
080050300002100006600002050009000030400080001070000600020600004700003500001090060
200900008500001070090080300002160000010040060000097200004010030060800007800009004
900050400007004009000600100700300800090000020005008006008001000300200500001060007
010402080800030004003000600007090200040307060000050000600000003020000010034080920
005409000000060501080000006007006000093050610000100300200000070809020000000504200
007002005000370040430000000086020004100000007700050620000000059040035000800400100
065200000400050000020001500006300170090000020017004900008600030000070009000008610
079500030000000850300010000000004509480000063905100000000090005062000000090008720
600090200300000001090301050200037040000000000040950002060702010900000008007060005
080406050000908000003010900300000009018000360070060010002000700040020030100040005
900030840000820500000006073005600030700000008080001400590700000007092000014060007
000000100002070050100900007905107200010020060007506901400003009080010400001000000
000690402004003080000000007040002001006070900800900050300000000060300100209081000
000009100007020000904610205500000410000204000048000006602071504000060700001300000
900260300003400000016090000600000540004000200039000008000080190000007800001032007
100070600900500003004006000700009030001030200030800007000600500300008001008040006
020065030140000067000000000090002800004070900003900050000000000780000049030140080
008200100060070380000500007004700010080090060010006700100007000097030040006004800
050060900004005000060300080205000090000803000090000804030002050000100600008070010
000080004001630800002004703020000030105020608090000010807300200009072300200050000
000030000300601004096205170005000300040000010100050007480000096000309000000020000
600000200073100060000005010000090002009708100200010000050400000080006940004000003
106907308500000002080000070900403001000060000003102400000835000001000500050010020
000809000000514000001070500045000680600000007800601002020000030006000800970050026
000000027800001000024080000500036100007158300001970008000060250000500006690000000
025010700300500000004009000800000090091070420040000006000800200000006004006050810
100800006007000000060072080053080000000406000000090140040920070000000300700005002
040300500700058000039100000006000008075000490200000300000005830000830009003006010
000902000080060090900000005000403000400000008009206100046070230010609080007020600
064100080070006001001070000018000005000563000600000470000090500700800010020004830
050080000640009000028300070060007300009000600004600020010004790000700065000020080
081000540000040073004200100600000900040908030009000001007005300420090000065000410
004007290200603000067200000000800030500020007080001000000008320000702001029400700
400070020003009007027000000004100060900050001060004900000000180700500600030060005
000050007000007930100003406050010300300000009009070080704800002065700000900060000
400037000900500400001040030009002060010070020020400800090060100004003007000750006
000095700405700000300020000907000060008000100060000903000060009000003502004570000
003800500050010090100003008007108002080000060300406800400200001070030080008001300
004000900070000010600000003009207400100806009020903050900000005008020100000165000
010090580400600003800007000002803040600010008030409200000900005900008004064030090
000480109070002040000009008040200003006000400500007090600800000090500080108073000
006300400040050060500800001000000605010000020907000000100006007030040010002009300
037040000000003907000002030053100009600090005100005260010200000206800000000030820
200010000009007600008200010300500800500000007002009004020004700004600900000080003
007010020900400300040003001001040030500207004070080200100600040006004002030090800
040300600026070000500800000060400002080000030200005010000008003000030950001009060
400000006600020003081000250700040001023905640000010000006000700500000002200364005
500008070000200009080009506070000004006030900200000060605400080700002000010600007
020000000007100030800072001070800504008040600904007010700210006090005200000000040
500010003003006200020009050042060000600708004000020690070600080005800400300040002
200803004007000200030000080300080009005906400000204000400607002900010006010000030
000409002100000400009000060080002600700010009003900080070000500006000003400801000
000200108000007090000060002941000280006000400078000513100020000060500000504006000
800040001010090030000106000030809040040050090001403200100000005090020080005030900
020060010500000003006070500000697000040020060007304200000801000280000035005000400
060105040008000300000090000300000005000934000010050060840000037600403009001060200
020905030008106500500040008002000600800000003010050090080000070000314000400807006
900072400002406000008000000005000031800050004260000900000000600000708100004360009
007300400900001002000040008070900800109000204004006070500080000400100009001009500
000030000274009000030042001701000002060000080500000906300820090000300628000070000
080000050607000209005406300900080003700000005403105806000803000000040000002901700
008000050400800100010062008007305040002000500050209300800570060006008004070000800
406800005007040000000067034005000008069000520800000300190670000000020600600001903
600802009000000000007030200070506010000040000590080064001000600300020008060000030
050002003006800000002010000900700806070000010605001002000060200000003900400500080
000100400006050090000002003100400002005000800700006001900700000010090600008001000
004080601000600000010047080500000400080030020009000008070210060000006000205090300
000401000600090005001000200007040500039000480102000709900208001010609020000010000
302076001600910000017000000870020600000000000005030027000000270000081003500760108
050000020003042010020100009000027008200801004800390000100003040060280700090000080
000400070800500400020067000005706023002000700740203900000370010009008002050004000
051089000700500000000001094208000060007000800060000902870200000000005008000930720
900070400038200000000005001090000087004000100670000020400100000000008340005040006
043000510002706900000000000000090000007203400060507020205000108900000002080030090
007000004050090300800002050000803900010020080009706000040600001005040030200000400
600700009000000647000360080800020090001000800030070005040082000283000000700005008
080104090003658700700000004020000070300902008000040000870030026000000000006705400
020000500001000009309700610000643200000107000004892000013006407800000900006000030
000800100008003009490700050200300000016904280000002007050007041700400600004008000
002806700000090000010000080047030810000060000009408300004000600000751000030604020
000400800000521430400080005003000008050060040800000100900040002028396000006002000
001080070690003000300600080580004000006050700000200054030006007000800096060040100
908000300030206000010030400002003000070040060000800500003090040000405090004000207
000000092000409700009010500006500004050070080700003600008050400003802000960000000
008430000030002508900000700050009000400010006000200030002000005106500080000026300
005204300100000004060901050000802000080000030027000160009625700000407000006000500
900007100040100000301500090004060709090000030207010500050001903000008070003400002
250006009007000000090700200580600900060010040002009068001003070000000800400200093
000602090001003600000050008050008006708000904300700050800040000004100200030207000
490008002000690007006030400100000050045000320080000009004060900900041000200900046
900500000002010007005340000054000010210000078080000420000034900400080700000007002
080700060000020900003001002008006013000000000710200800400500700001090000070002050
000605000600030004003010200050000020320000078104208603000907000001000900400080002
790000030000000000061207005040003009005020400900800070200506190000000000030000028
003610090002097400000000001090050014004000700310020080500000000009870100020039800
000920030900004000001005700082000007700010005100000890005700600000500002010068000
700050900041900000800006000050000009002705600600000030000200004000003780008040001
050908000700002000042050008100000900030297010007000004400080320000100005000503040
000090000200704003089306740400000005002000100000108000020000050006070800830000074
830000002000105000060200034020000009004080700300000040210006090000509000900000067
040000090200000007901000408000156000060080030007090100000328000008000200600070005
609070003000400009040009000006005300570020016002100500000500080700006000800010602
300080002150000097000907000600070008090000070000304000001060500000108000002000400
000675000080000040906000705000307000090206050702000906004060200060030070800000004
000080004040003020003200100200008000086000940000100003009002600020900050100050000
000000009009007200000024086050703900080000030003205060560370000002400500100000000
000000000310020078072050140000000000030608020400209003100000007060502010009701600
002406300000090000010308040070000060200607003004283100008000600720000018100000007
000600400000014270400000016800900630001000900039001004970000008082390000005008000
600082700040100006007000000700008045004030200560700009000000500300006070006270001
700000004003090100004000200090608020300902007000010000900704006050020030000000000
690000020001004000700090030000005006008601700200700000030080002000400500060000098
000001690400060001003002005300000700010708060006000009900200100600030004032100000
000004900050001860000890001600000503010000070304000009100083000085100020006500000
040000800003090002500006090001020000090804030000070900060100007700060500002000040
030605070600901003000070000470000029001769300900050001004206800300000006000010000
003050400200009000870000005002510060030060020010092500400000051000600003007040200
040800000003007000520000009900508010002000400070603005700000048000900200000005090
208700300007006000490030000020003970700010003061900020000060039000300800003005702
004300070800740500090008004008000045070000020910000600600800050009031002080004700
050201030000050800004007005000000093065070140230000000700400500006010000090503070
040005007000140352000000400500002000001060800000700003008000000213098000700200060
190703000000080000000000905010900008308060209200008040402000000000030000000806072
004200001100060002000000530500084200060000040002650003039000000200040007400003800
070080003402000000500000900720008000030904070000700062007000005000000204900060010
700200010050910000000005060002500006800000007400001300020300000000062080060007002
000710006005000870000003040200001700058020910001800005080900000032000600900042000
001020060400006900090003008043000000900000001000000740100800050006400007020050400
810002090050490000000001600005070020400000003020050800009600000000025040030900062
000058090000000540020900007800073050000000000010890006100009030068000000090730000
102006700300200000080090000060004007050030010700600050000040080000009003004100506
000801000009652400050040080300000007040513020020000040004000100080090060600408005
900200004010500020002014800001000086008020300590000200009840600040002070100006008
020500060005090040801000000000003009060040070100900000000000502030070800080009030
000000030700109000000050801057000009200706004600000720408090000000204006020000000
040200000003000008900070100008520600020000030007016200006080003100000400000005060
000820701040015080000000900032008090000000000050400170003000000010540030604089000
080009000007030410000067002000700903030000020905004000800970000029080100000600080
070901030200306009003000700020040010800000003001060500006102300009000400000437000
046500003900000000001060040002100060600000005030007200080030900000000004400006780
305400070090000001004080500008009004000306000400800700009030200500000040060004305
007036001060000000040800070050300200900060005002004010030001050000000090400970800
060080020050000030001030500003020600010398050002706800005000300000402000800000009
800003007000210300001000040010700409400090005905004010070000200008047000100600004
130008070900006030000000002060400500003050700007003010300000000050900008070300061
000605000007020900000000000009000800030080040040050070100000003900371006450000018
087205930490000051000409000000000000060894070004070800010357060500106007000000000
006001200020080090500009001804000000060000030000000704700300008010020050002700300
041600005000504000060020000006800070020010050050002900000030060000408000400009780
003605009060090000700002000004070500070000020002060800000400003000050040100308700
000500700008060000700001043010300008007080300300005020270600001000040200006009000
005000000370400008040600300000300006063050210900007000008006030400003071000000400
080200001000890403000006080120000007006000300300000094030600000501032000900001030
000704000700506001006010500000060000070090080008107200001040900090000050002309800
010000080048090100500300000900001500051070260006500001000004009007060420020000010
400500000080004056090080041003008000800175002000300500120050070930800060000009008
500000604003007000400800020020010500000705000001030040030009001000400200608000009
060023000003700500700501030200000905080000010306000008070609004004007600000140090
002800000080000009100705040750600000004000300000004075060503004200000090000002100
000700009070001030205900000004290000560040023000083400000009502090300010100002000
002500700078004000060070005040300007009020300200008010100080070000600830003007400
080000070001607300005000200000000000800405009400010002000060000207050604040702090
400030900701000000080100050070500200000070000006001040010006070000000403009040008
004809700020050080800000009600205003080060090500908002200000007030090050005401300
000000060009050004000300501010590708006010200508072010805007000700080400060000000
080701000000900010102058007001000090005010700070000300500160908060005000000309040
004000800090010070500200001000768300060902080008541000200007003040050060009000700
100050006085000390000803000008000500001504900070020030007000100010000040009702600
030050008010004020400700001000500006009631400600002000100005004050400010300010090
600907003840030092090000060300060001000402000005000600006543800030000010000070000
060480000800000070050009200006900002100806007400003600008100020030000001000095030
002403800080020050400608002006070300050030080700000001040000070900000006060507040
090006230006500000840000600000005007000273000500600000004000091000004700079300050
060000020705000300008040700600100000050020070000003004003050900001000605070000010
096080050007003100000000006070900080001000400080002070700000000009500800040070590
000400300070020010904005200007000003090060050800000900005300706030040020006008000
000369000005702100200000009500906002000403000010805090070000020008000400950000031
900006000000000085078040620003600010007030500090002800086010350130000000000800007
409005000036040000700200000508007000004000300000100905000009008000060520000500703
000004200000700004030020058008009040600807001050200800580090070100006000009500000
800500009020080040001006800008000007060070030500000100003100200080030070900002004
006800090200005600070000002040201003000040000600309020900000080002100006060007500
900008004305090000460100000700000390000060000023000005000005046000080703800400009
003200009000004006004010250080050000000439000000080030052040700600800000400001900
000027010200140030040000200400600590006000100052003008005000070010038006020760000
100000004508060301007403900205080607060020040000607000070000030000805000006000400
000400300040100096000030020002600000960010074000004900090070000780001040003008000
001000800000835000008401900600000007070000080804000206000040000027603150080107020
009000070400002089005480000000804100040030050003501000000075600610200005050000200
040809001010005000300070800080000500420000013007000020009030005000900030100602080
000020000007000500100547009009206800000010000520000036300408007060000010004000900
000802015980000060005600000007000024002000600190000500000008700030000049470501000
000000010000603004000041680270000800630050072009000061064730000500809000090000000
103090008005000020400025000080900060007000100060003090000210009010000400700050206
002008504050060000010004070004300000700040005000007900080100090000020060201400800
003700010700060000000800309006900040900080001050002900209008000000010002080005700
009040600030107040000602000070010050100523009000804000700000002000235000005000800
000052800050900020600470000100000230209040108038000004000037001010009070006510000
006700009700020450000009078010095007000000000900310040470500000029040005600002700
090600800000082091000000004010007050002000700080900020400000000150830000003006080
050000080000702000004000300700020005010000020400010009007104600105306204000050000
000003080500001200093260500230000900009070300007000042005027490004800005060400000
900001002050000040007800900500308100000020000009607008001002500040000020200500006
007050040100008900090100007010307200700090006004805070300002060001500002070080400
010900300004000010500001007700060900060080070009030004100600002040000500002008040
040090000700100000052070001000004805028060470504900000200030950000009006000010020
720000000000007180000008709103000090009040500060000301601500000034800000000000013
000001060600040800050760009090000305080000010106000090400078030007050004030400000
091700600200091000003000000070005300000483000006200040000000700000150004009006530
000005008009010070200000531000700300050080020001004000126000007030040600900600000
004010300000205000020000070010000030038090450200000006000901000500070004001304200
000080060008400209007006000020001007300040008900500020000900300702004800040010000
003807100000040000700203008090406080070000030008000500067020810401000702800010006
000570010000001903001090040010000800300060001006000070080010700509700000020046000
031060700000071300407000020080007000300020007000600010010000902004510000009030140
000003060300000102000107340540010000709000203000020054073402000408000007090800000
090800600000005003802640500080000307003000400609000050008026704200100000006008020
002000900600070000705200040008002005007403200900500400080005307000040008006000100
060204010070000060800000002020709050003080100700000006007090600900436001030000090
040000000302100000501074000054000308100408009809000450000380201000001504000000070
002090000600005080790100040007900050209050408080004700070009034040500001000040800
000360002060008500010200008093000084000000000520000190900002050001900030600034000
700080030040230001000005800408000010020000070010000605004900000200013040050020007
060700003000040090005003010016002040000000000040500920030900800020080000900004060
038005000400009000005000014050090020300602007060030080610000900000900005000800270
005040800090008000000600120800200060002080400030007001071009000000700010006020700
000021000000400070900000053001002040300000006020900500790000008050004000000670000
008906200900050007200000004006304800020080070009000100007000300080070060000801000
040600010000108005006004300702003000000060000000200901004300800300802000010006040
000000001050008093002900400038050200200000009007040130005007300980600010700000000
100834002005020400000507000006000700200000008700309001008070900000000000050603080
090000500000004006200058090903007000010060070000300901060820005700400000008000040
000010000006500080000708205075000108000000000208000470304607000080003900000040000
002407000000100200090030001900000046006090500820000007600040070007003000000708400
400890000005003090030006700000150000042609530000082000003900080090400100000038007
008000000041203000570040010000100900002090600004007000010020079000708130000000200
006000200490000013008040500600000001700050004000306000009060400000000000060871030
002000009605080200030009001000600020000103000060005000300800090007090805900000400
000300200007004009090080060005100080800060003030005600050090010100200300004001000
380060009000209008009000000002900000170604092000005400000000800700508000200070035
000000000030506020000147000000000000090704030045080760800000003007309100009050200
000010000800000009010206070500000001070000050120709043700801004080040030005060100
020800300000007002600310000090000107003000800204000050000068001500900000008005040
060100002001007300000040008070900000609030501000005090800060000003500600500009040
400070200090003700000005086006000057002000800380000100850700000009100070007060008
049000010300040002060700000008009004004030100600200800000006070200070005050000640
060200400000000001509004600002698004000302000600471200007900105800000000005003020
000058100000700009000004230050000306700020001203000050046800000800001000007460000
000023800000600001038500004105030400060000010002040507800002190200001000003860000
005000100690000003070040020000300206000402000809005000080030040700000018001000500
000038200003500000040007301906080030004000800050070409205300040000005600009720000
100005003070008250080030000230050000006802700000090062000020010049500020300400009
003020800100007000020000040900800507000503000307009008080000090000600001001080200
006400005320000000045920100000040010400312008050060000002094750000000049900005300
010206000250000001000080074080100700000604000007003010890060000600000085000908020
208040009060000050000009006002407000900060004000203100100500000020000040400020803
000703000004000300073010690001000800206080709400309006010000070000801000309000102
007050020040920800000001005004200007200060001900008200600300000008046030030090600
304000508080030040000060000090201030200000007050090080007000100500080003000607000
000008200000070050010059603800400300030000060009007008602730080080010000007800000
800070001006900400029800500910006000000000000000500037005007810001002700700080005
070502090900060008001007600203000009060000080500000306002400900600070005050603010
000502000002040300080000040006375200004000100200000007700020001008416700600000003
700509001650030049000000000000306000008000100900010005047000680000604000090703020
309060000006000003020300040500807300030040010002603004070009030400000700000070805
300400005019003040000070090070000008005020100100000030060080000030600750900001006
050908600800006007006020000009000070203000809010000400000030700900800004005604030
000670009000002300200400050500000270008000600032000008090008003001900000600051000
002500000030001090004800607040030805000908000108050030403005700090700080000009200
700090003005002600030700050010000200500080007003000040040003090002600300300010008
003010700600000009000209000001602500900000001006070200000405000008000100537000946
700000001004000700510000024003104600000395000000020000800010002040050090000702000
406100000090400030000005006054080900900000002002090680600700000040003060000001705
000090800040000002501200000700900608080010050406005009000003901900000060007040000
020500001790002060004060000000000509900806007508000000000040100030900045400001070
080370900005060000600000300300056090408709201090180003003000007000020500009013020
040706050000000000700415009260000014004000500038000760007000300010608070000040000
007005000050600710200703800100006080000030000040100005003901008061002090000500200
600000001009000200080050060100000003037805120000307000700109002000000000004628900
090700300000200004500034000005000076009050100630000400000560003400002000008009010
080060090600052008000807000013000400920000051006000820000104000100570006090020010
710090085006000900000504000007000600100702009080000020908000104000906000030010090
002809500080503020300000009007080200006201700040000030000050000090602010400000005
270068540000000030000002900040200000005070100000009050004100000030000000051930027
807090000090100000002730090400000067001000500250000004020079100000001030000040605
004020070500007400030500006070401200800000004002609050700005040005900002060010500
019008020002506107000000000907010005000809000800060901000000000504601800030900450
400100005010200900009037000040000106000000000608000050000790300003002070800006004
009002080000010400104870002098000000502000804000000320900026508005040000020100600
500030007080104090100050004006000200050618070040000030070205080008090700000000000
001080004000900000098050060006097020900000001020430600060070450000005000300060200
300069005050070200000500030000004107070000050501300000020006000007090080900430006
000000000070908060012000870800090002005060100004507600700080006040010020000306000
095700030000008040700030600000003021000080000320900000009050006040800000070001850
090070050600009004005200800080040700200307008007080060009008200100400007060020040
000209000020030050070548090200000008086304520007000900050706080000000000004050300
040050070005010800000609000200807001050000060300000008430000089009000600018000450
000060000006010700010809050350000024002080600090203010000000000400090002005608100
070000480000050003003006002060540000008070500000039060900700200100090000085000030
500900040600200300002053000005000070100000006040000800000310600007002001010008002
000650002200009060060400805420000300007000500003000021504002010070500009900086000
038000200000006007600200008090607100000090000007501060900005001200300000001000740
800650700006200000059037000007002080080060050090800300000320640000001500003046008
000095006009000020007206008030000900400903001006000040600504200080000100900160000
006780002000009008800100400007900604000000000509006700004005009600300000300097800
005940000000007020080005006070500002023090870500002040700400010030200000000079600
070000050800010007009407800600305001000601000000090000050030040401050903002000600
400100003003020000080000600050001090060209010030700050007000080000010500500008004
030010450008900000700005009204100000100090004000006107800300005000004800025080030
700000094800020700061004200003209000070050030000308400006500940009040007480000005
000030080000002003006804100090000405034050890205000060001305600900700000060020000
100002008070000020004600500400060800000178000006090002002001300050000090800900007
000406000500020004004703800020105040009030600700000002300000007060802050000010000
600010000010008900004300071006092038000000000320870100940001800002400010000050002
046002031000700069000010700001000407000105000207000600004050000630001000970600140
000000000007902600000684000890000017002000300010708020030050040005060200400000001
017060058090001000000090600000020407030000080406080000001070000000800020850030790
007400000490001080000090030709000060840906071060000308070060000050800023000002700
300070090000206030084000007700045900000000000009720008500000320030902000070030009
900050001006804900000000000700000006050000030008000400030070090000405000509206104
600705002090000060003900400300802601000000000901503008002007300060000050500409006
009075008020000000407200000200006700010080020003900004000009501000000060300850900
000805000008020600003000100090000080100000002052040310041503890000000000000914000
020704050000000000100080007500040002009205100040030070800000006003000500070906030
500000007097000860004050900000701000200409008000080000400030006071000350050000080
500000000490080300000403070000046200610000047009870000030704000008020039000000001
000417000400203007000000000006000100040090030001040800104908706030000020609000301
205600700000000035090003100060300900000010000007002040009800020620000000004007309
000010000010897030800602001000000000600401009082000610005000300000070000021000750
806005000090200000003400006000800501050000090709002000100004600000009030000100208
042009000000030409000008010507000030910000085030000904020300000601020000000100620
910000045005000600306000201000268000090040020000309000060090030700030008003050400
000050401000003060000600309300008070009020800040100006607001000090200000805040000
009062005030000800040930006070000603300000009608000070900017050001000060400520900
040000030760000029000502000003701900070080050400000002004000800080000090300869001
030950600790000058000000030000265700000010000002379000070000000580000027001087040
000907200010008007000610000600001740032000960047500002000045000400100070005806000
001400700030005000400039000065100000170080049000007510000350008000200070006001300
830000029009208100007030400070000010000367000200050003001080300040010080000703000
410000093008000200200030004090000030600080009800904006000506000002090300040302010
001050040300004500050603009046000900700000002002000650600301090009700001020080700
090000000100070004206810000003200040007608100020007300000083401500020009000000070
102000709500000002080000060050070030004060800000509000000103000007020400090000050
009800000300059060040000008080040900901308705005090080700000010050630009000005600
300006090000850304000070001080230100200000006005087030800020000604098000030100008
040607090860002045000080000780000009003000200100000037000010000910800053070905020
000401500000000602000279010300600080100000006080005001090542000204000000003807000
005804600040010080800205009050000030370080095000103000504020701090501020000040000
000506000030000080907000406070010090002603700500000004004020100800000007020000060
400200010020600078000090200000003960200409005097100000003040000780002090040007003
040000020600000009005302400000947000009080600800000007000801000208609301090000080
320040100000500009000600700090006500800000004005200010001005000700008000003020087
003900020000340050800006000900000300720000045008000001000100003060098000050003200
900500010000304200200000300000400609060080030307006000002000003006207000080001004
000600100000002004718400002005000026070040050820000300400001285500800000001009000
070000002602400030005060070007900100060070080008006900050020700020001405100000020
900000004040000020007000800000549000000000000059862740095080460100000007003754900
800009001000806900040710000960000530003000200072000016000027090005903000700500003
800207004005308100020000030030905040007010600000000000001050400300000005400000009
300000009089020640000050000001040700600030004040809030000000000802000403060205090
600007009003200700020040030200000040008060300010000008030050090005001200900800007
600100079000200040090000502008400000500807006000003400706000030010002000950006004
040803060000070000030000040007605400085000920400000005070206050000010000029000310
009000200050102090070000060700000004000806000030070080510000039400503001003010700
060900020700060009002300800000000402020080050301000000007006500800010006040009010
000720060000500400000001708010000003067000190400000050509100000002003000030089000
000080000006402800000706000008000600300010008010000020020104080800060005903000401
604001005000500900080060002900000070001080300050000001400030020002009000300600108
100006030020400100008000000039600000007020600000003870000000400003008060050100009
000000002600140000070030060097004030006090200040300670030080040000029008800000000
080060300003102008100800060020000980600000003031000070090006007300907800005030010
100000009803000107060000080050809030006000200700020008000243000002601800600000003
700000005000000000039020710060405070400000006003709400005671200000302000120000067
010002090900700008003090700100020060007405900080060005001040500500009003060500040
015000000009050600600008000900003400006209100002400005000100007007060300000000940
600001059390700060001000800900070040000608000020040008003000500050007034410200006
001070030900300500020008001009000070200050004070000800500800040004006008080010200
080000030000010406609007000700000050900708003040000009000500802804060000090000010
000020580000008009000350700402100003050000070800002901003096000100200000048010000
206300000015800000300050800004760000690000072000091600007010005000005780000007309
000120085000000601008000430029400003000070000500009240083000900402000000960087000
200408001003070200060020040041000790000000000800307002900050004000000000020649010
800004760000060030000007500740600010001000300030005097005700000070090000096200008
000863000010000080308000206000507000400090008005040100007000800200080004809601305
004007008307010050000005000062040009003000800800070260000700000030020906600100500
200004008100000020005007300020030006009060400600070010008100900050000001900300005
002003090100002400080650002320000500007000100008000039200061040001700006060200900
500010800940300060080000001000003009000251000800900000700000040010002086006090003
000908000090403060005000900040801020012000340000020000720000051006705200904000706
040000010600000002005000600010040090700261008006908100000010000002609400301000905
000086410000024300050000006080000003074000260600000050900000070008470000047950000
000000030740001200200600005908004070000000000050100908100006009009300081060000000
000003900500806010060040000400007000370000062000300009000070030020605001008200000
000050000050401090008000600005123400130000052400000007000000000060915070007204500
003000600000090000010000080300070009060918030000000000000257000980301027200080004
900400070005007900000030208000006080400000002070100000209050000004900500080004006
200000700000378000080000005401002008050000020800500106700000030000124000009000002
000304000200905001000060000920030076007000300080607090300050007402080605050000020
000000000900700600025046009200007060090010040050300001700530820004009005000000000
007605100000421000100000006060000030001309200900000005010204090800010003004030500
030007506000105230000030009002009001004000300300500800800090000026801000903200010
200003009000104000004070300940000070006090400030000062009030200000608000700200008
006008005002004060000360800900000230070020050068000007005082000020500400300100500
700500090000001000900064500027040030800000009030020410006450002000100000090006004
500407003000030000800000006900000007050090010080106050002305800000070000060010020
006020080002001000100030207400006000001000500000900003703080002000700300090050700
700080009000601000010000030040060020500000003008592400005206700000704000400000001
000207000004000900030040080500402008003706400700050003009605100050000040000104000
400200070070030000600000309006049100900050002007820600305000007000080010010004003
070050020008000040000700008090003800400070005003400010600007000050000900010020060
000030085000100009006000400900420050050000070010097004007000800500004000130070000
000000005004050810010002060003060080800403007020080600040900070061040500300000000
005900000760040002401000000080200001007050300600001040000000407800060013000009500
000790100000004902000006030006000071047000390810000400050300000902600000008052000
000045036000000708000006090008200500070010020004003800040900000802000000710360000
300000005007050900000304000603000802080040060000060000900000001002501300705000208
500000003706309504000080000083040920604030108050000030000604000005090800400000009
400200900000030200000001054063800002200000008800002140710600000008050000004007001
800400003007200600060008050008060014000805000230040800090600040004009300100004009
400000060007001800059600000000400032300010009290008000000007950005100600040000001
000500010000800039030010700008400200090000070003001500006090040270006000050008000
000300090082001400907000000090600004060040050800003060000000807008500630020004000
060000030000200069002300100000740003001060500800023000005002300670009000010000040
501200900800007500000010000906000030004000700030000605000030000009400006007008209
001000030400090700020300001000903400050000060007805000500006020003010009080000300
004000590900005001030040000000407100060000080007906000000020040600300002021000600
060900000008500001000021060005000089004070200810000400030710000200005300000002040
006080200080600040300004007008301050600070008030908700500800004060009070001020300
500004020001700000040800500200600300010040090007001006002009080000007900080400001
050302001024000000300800000060000093009060400780000010000009006000000720500206030
670008001001600800000009030890000600007806200002000048030700000008004300700200084
059000001207900006000002490000800040000479000020003000093200000800004509500000120
001000007290004000708600000670009003000302000800400019000005908000200075900000300
001800000040000190050009007005070008000504000700030500600700080023000060000001200
100007030000500001040106700000700900390000087002003000005302010600005000030400005
800010009004000800050030010400060008060090020000307000000080000085000730002501400
200050000680300000030001400090005006071000590500900070003800020000002045000030009
000089005620500000008010004800002000560090012000100007400050200000004038700320000
900003000001060009003005080300700590000000000075008001010500400600040200000600007
060070500034200009200000000000700060080936010070005000000000004700008150005040090
001009000003060001400130090800500070005000900030002006060025008500040200000700400
600100005000089040020700000090310800000000000001046090000007010050890000300001002
040000560501009007800600010020090100000502000004010020030007001600900804058000070
000800060405000900000090008200670500070040020004031007300080000009000801050007000
507000109000000000030000040400020007000801000009000600200906001005000300060453090
030007020100009006009040500540000000008030600000000082003080700800600005010400030
010600500700020060000907003003000024006090800480000600600502000090080006001009080
001007390070000000800010420030700080000030000020009050016080009000000040089400100
096004000000007004401030020002900000560000078000006300020050607900700000000300180
009040010200013800010500006090000300480000069005000080500008040008730001060020900
400302000208000003010070000050200009006000800900004060000080010500000708000901002
800000005070209060020000070210000038008000700030508040600080001087000690100306007
050030000406000000720100005300210800000000000007098006900004087000000203000050060
003520000800009000010600900280003500001705200006200034009006020000900007000052600
000009000004068500085040960520090000069802450000050029097020680006480100000900000
000002041000096305000800900009200018070000030130009500001008000603570000740900000
002300400009070030000004060050038004008000200400720080070800000080090500006007800
001507000700000901080040070000470026000603000640082000010060090805000007000208100
200090007050302060009050800090020010005807200800000005020040080000986000004000100
000014080008000430000800601900070500600000002001020006506001000023000100080640000
001007305080053000000400020000005107800000004706100000020008000000340090409700800
001007090200003100090400003140209700000010000003705021400002010007100006010500900
009003060400080200060200003100040500090501040006070002900004030004090008070100900
800017093000408001070090000000000608030000050902000000000060080200801000180370006
000000000007804600400926005300502008084090350200000009000205000050080030700000006
000010073010700406400060100020001000009080700000500090004070002901006040750040000
080605000005000203010090080500070009008903500200040006050010070401000900000409050
000950030080103005500000104608000070000090000040000306807000003200705010010032000
010904080003000900500070006060000020009000800400209001070030090006408700000715000
070020050200060001009050300090000060000736000000508000020000040008070600060201090
060000100000900040100400800040700902030090080809001030007003004080004000003000070
000008050002900100000740006000000089980030027270000000600091000008006500030400000
000070000056000930008000600025090180000000000000482000003709800900000001012508390
800030090036002000000580001305000040200050008090000203700061000000400810040020009
005020080090001005810900000906000000000509000000000703000003017400800050070010400
200000009001834600000207000000413000040080010009000800070040080002000500600509001
010020300302007005000006000008000043070000090950000100000600000500700609007040030
090080003200100090046000000029007001030090070700200940000000260070006009500040030
000200070600980000003057800008000014019000580420000600006820400000036008030009000
003008900290010006600000030008530009060000050400096700040000007800070062006100300
200600007030002060007080500010020006002706300700030040005060700080200050100004003
039100000100056300004000010420010070001090600060070051090000700007260004000009160
900005002000408090000030070704003500010000080008100907070080000030504000200300004
090056000100400500305000007016200004000060000200003960400000201001005009000140080
000007002052030700080500010004000057800040009290000400060003080008090370500100000
000050900000200056000004070007430005083000740200097300050100000670002000008040000
104200095900000700030001002006010009000402000300070200500100020008000003210009506
300009450080400000000073002040700500200060007008004020400890000000007030091500004
080030040500400001004500800000060910600301007032090000003005100200003006010070030
700000010040000200100620007070400950004080300069002040400058003008000090030000004
051000940000504000300010007006108400000050000030902080870000056005000200020000090
901080072000020300000015060000009207030000090709400000070590000002030000180040609
005400000100830000020005740090000005060080020200000010074100050000093004000004800
900000700001600000030059040000024300500000002009180000040710050000008100006000007
008009230020304000000010004100000950009000700065000002600030000000602080053900100
500000008800306001000040000006802100100030002008000300010000090004010200209000605
600050008004010700000406000030508070800000002020107030008000300005070200270000059
